obstacle_typ_1
32
0
32
0
64
0
96
0
128
0
160
0
192
0
224
0
256
0
288
0
320
0
352
0
384
0
416
0
448
0
480
0
512
864
32
864
64
864
96
864
128
864
160
864
192
864
224
864
256
864
288
864
320
864
352
864
384
864
416
864
448
864
480
864
512
obstacle_typ_2
1
0
544
obstacle_typ_3
52
32
0
64
0
96
0
128
0
160
0
192
0
224
0
256
0
288
0
320
0
352
0
384
0
416
0
448
0
480
0
512
0
544
0
576
0
608
0
640
0
672
0
704
0
736
0
768
0
800
0
832
0
32
544
64
544
96
544
128
544
160
544
192
544
224
544
256
544
288
544
320
544
352
544
384
544
416
544
448
544
480
544
512
544
544
544
576
544
608
544
640
544
672
544
704
544
736
544
768
544
800
544
832
544
gracz
1
128
480
obstacle_typ_4
1
0
0
obstacle_typ_5
0
obstacle_typ_6
1
864
544
portal
1
350
420
obstacle_typ_7
1
864
0
coin
17
128
86
192
86
256
86
768
64
736
64
704
64
768
128
736
128
704
128
768
96
736
96
704
96
768
480
736
480
704
480
672
480
640
480