obstacle0
63
288
160
256
160
224
160
192
160
160
160
128
160
288
352
320
352
352
352
384
352
416
352
448
352
32
0
64
0
96
0
128
0
160
0
192
0
224
0
256
0
288
0
320
0
352
0
416
0
448
0
480
0
512
0
544
0
576
0
608
0
640
0
672
0
704
0
736
0
768
0
800
0
832
0
32
544
64
544
96
544
128
544
160
544
192
544
224
544
256
544
288
544
320
544
352
544
384
544
416
544
448
544
480
544
512
544
544
544
576
544
608
544
640
544
672
544
704
544
736
544
768
544
800
544
832
544
obstacle1
54
704
384
704
352
704
320
704
288
704
224
704
256
672
384
672
352
672
320
672
288
672
224
672
256
256
512
256
480
256
448
256
416
256
384
480
320
480
288
0
32
0
64
0
96
0
128
0
160
0
192
0
224
0
256
0
288
0
320
0
352
0
384
0
416
0
448
0
480
0
512
864
32
864
64
864
96
864
128
864
160
864
192
864
224
864
256
864
288
864
320
864
352
864
384
864
416
864
448
864
480
864
512
384
32
384
64
384
96
obstacle2
3
480
352
864
544
704
416
obstacle3
3
0
0
256
352
672
192
obstacle4
2
704
192
864
0
obstacle6
1
384
0
obstacle7
2
0
544
672
416
portal
1
350
420
player
1
128
440
0.08
coin
17
128
86
192
86
256
86
768
64
736
64
704
64
768
128
736
128
704
128
768
96
736
96
704
96
768
480
736
480
704
480
672
480
640
480
medicine_kit
0
info_bar
1
10
600