obstacle0
76
384
372
352
372
320
372
288
372
256
372
832
256
800
256
768
256
736
256
704
256
672
256
640
256
32
182
64
182
96
182
128
182
160
182
192
182
224
182
256
182
288
182
320
182
352
182
384
182
32
0
64
0
96
0
128
0
160
0
192
0
224
0
256
0
288
0
320
0
352
0
384
0
416
0
448
0
480
0
512
0
544
0
576
0
608
0
640
0
672
0
704
0
736
0
768
0
800
0
832
0
32
544
64
544
96
544
128
544
160
544
192
544
224
544
256
544
288
544
320
544
352
544
384
544
416
544
448
544
480
544
512
544
544
544
576
544
608
544
640
544
672
544
704
544
736
544
768
544
800
544
832
544
obstacle1
45
630
150
630
182
630
214
630
246
630
278
630
310
630
342
630
374
0
32
0
64
0
96
0
128
0
160
0
192
0
224
0
256
0
288
0
320
0
352
0
384
0
416
0
448
0
480
0
512
864
32
864
64
864
96
864
128
864
160
864
192
864
224
864
256
864
288
864
320
864
352
864
384
864
416
864
448
864
480
864
512
416
214
416
246
416
278
416
310
416
342
obstacle2
2
416
372
864
544
obstacle3
1
0
0
obstacle4
2
416
182
864
0
obstacle6
0
obstacle7
1
0
544
portal
1
80
60
player
1
128
440
0.16
coin
13
360
230
360
310
360
270
320
230
320
310
320
270
280
230
280
310
280
270
192
86
224
86
256
86
288
86
medicine_kit
1
700
150
info_bar
1
10
600